out_file1.txt
out_file2.txt
importMaze Mazes/Invalid2.txt False			      |	importMaze Mazes/Invalid2.txt True
1 1 0 1 0						      |	1 1 1 1 1
0 0 0 1 0						      |	1 1 1 1 1
1 1 1 1 0						      |	1 1 1 1 1
1 0 0 0 0						      |	1 1 1 1 1
1 0 0 0 0						      |	1 1 1 1 1
0 1 0 1 0						      |	1 1 1 1 1
0 0 0 0 0						      |	1 1 1 1 1
0 0 0 0 0						      |	1 1 1 1 1
0 0 0 0 0						      |	1 1 1 1 1
1 0 0 0 0						      |	1 1 1 1 1
0 1 0 1 0						      |	1 1 1 1 1
0 1 0 0 0						      |	1 1 1 1 1
0 1 1 1 0						      |	1 1 1 1 1
0 0 0 0 0						      |	1 1 1 1 1
1 0 0 0 0						      |	1 1 1 1 1
0 0 0 1 0						      |	1 1 1 1 1
0 0 0 0 0						      |	1 1 1 1 1
0 0 0 1 0						      |	1 1 1 1 1
0 0 0 0 0						      |	1 1 1 1 1
1 0 0 0 0						      |	1 1 1 1 1
0 0 0 1 0						      |	1 1 1 1 1
0 0 0 1 0						      |	1 1 1 1 1
0 0 0 1 0						      |	1 1 1 1 1
0 0 0 0 0						      |	1 1 1 1 1
out_file3.txt
solveMaze VALID solution given				      |	solveMaze
							      >	INVALID solution. Maze has been altered from: 
							      >	1 1 0 1 0
							      >	0 0 0 1 0
							      >	1 1 1 1 0
							      >	1 0 0 0 0
							      >	1 0 0 0 0
							      >
							      >	0 1 0 1 0
							      >	0 0 0 0 0
							      >	0 0 0 0 0
							      >	0 0 0 0 0
							      >	1 0 0 0 0
							      >
							      >	0 1 0 1 0
							      >	0 1 0 0 0
							      >	0 1 1 1 0
							      >	0 0 0 0 0
							      >	1 0 0 0 0
							      >
							      >	0 0 0 1 0
							      >	0 0 0 0 0
							      >	0 0 0 1 0
							      >	0 0 0 0 0
							      >	1 0 0 0 0
							      >
							      >	0 0 0 1 0
							      >	0 0 0 1 0
							      >	0 0 0 1 0
							      >	0 0 0 0 0
							      >	1 1 1 1 1
							      >
							      >	...to: 
							      >
							      >	2 2 0 2 0
							      >	0 0 0 2 0
							      >	2 2 2 2 0
							      >	2 0 0 0 0
							      >	2 0 0 0 0
							      >
							      >	0 2 0 2 0
							      >	0 0 0 0 0
							      >	0 0 0 0 0
							      >	0 0 0 0 0
							      >	2 0 0 0 0
							      >
							      >	0 2 0 2 0
							      >	0 2 0 0 0
							      >	0 2 2 2 0
							      >	0 0 0 0 0
							      >	2 0 0 0 0
							      >
							      >	0 0 0 2 0
							      >	0 0 0 0 0
							      >	0 0 0 2 0
							      >	0 0 0 0 0
							      >	2 0 0 0 0
							      >
							      >	0 0 0 2 0
							      >	0 0 0 2 0
							      >	0 0 0 2 0
							      >	0 0 0 0 0
							      >	2 2 2 2 1
							      >
solveMaze VALID solution given				      |	solveMaze
							      >	INVALID solution. Maze has been altered from: 
							      >	1 0 1 1 1
							      >	1 1 1 1 0
							      >	0 1 0 0 1
							      >	0 1 1 0 0
							      >	0 0 0 0 1
							      >
							      >	1 0 1 0 0
							      >	1 0 1 0 0
							      >	1 0 0 0 1
							      >	1 0 0 1 1
							      >	0 0 1 1 1
							      >
							      >	1 1 0 0 0
							      >	0 1 0 0 1
							      >	1 0 0 0 0
							      >	0 0 0 1 1
							      >	0 1 1 0 0
							      >
							      >	0 1 1 1 0
							      >	1 1 0 1 1
							      >	0 1 0 1 1
							      >	0 0 1 0 0
							      >	0 1 0 1 1
							      >
							      >	0 0 1 1 0
							      >	0 0 0 0 0
							      >	0 1 1 0 1
							      >	0 1 1 1 0
							      >	0 1 1 1 1
							      >
							      >	...to: 
							      >
							      >	2 0 2 2 2
							      >	2 2 2 2 0
							      >	0 2 0 0 2
							      >	0 2 2 0 0
							      >	0 0 0 0 2
							      >
							      >	2 0 2 0 0
							      >	2 0 2 0 0
							      >	2 0 0 0 2
							      >	2 0 0 2 2
							      >	0 0 2 2 2
							      >
							      >	2 2 0 0 0
							      >	0 2 0 0 2
							      >	2 0 0 0 0
							      >	0 0 0 2 2
							      >	0 2 2 0 0
							      >
							      >	0 2 2 2 0
							      >	2 2 0 2 2
							      >	0 2 0 2 2
							      >	0 0 2 0 0
							      >	0 2 0 2 2
							      >
							      >	0 0 2 2 0
							      >	0 0 0 0 0
							      >	0 2 2 0 2
							      >	0 2 2 2 0
							      >	0 2 2 2 1
							      >
solveMaze VALID solution given				      |	solveMaze
							      >	INVALID solution. Maze has been altered from: 
							      >	1 1 1 1 1
							      >	1 1 1 1 1
							      >	1 1 1 1 1
							      >	1 1 1 1 1
							      >	1 1 1 1 1
							      >
							      >	1 1 1 1 1
							      >	1 1 1 1 1
							      >	1 1 1 1 1
							      >	1 1 1 1 1
							      >	1 1 1 1 1
							      >
							      >	1 1 1 1 1
							      >	1 1 1 1 1
							      >	1 1 1 1 1
							      >	1 1 1 1 1
							      >	1 1 1 1 1
							      >
							      >	1 1 1 1 1
							      >	1 1 1 1 1
							      >	1 1 1 1 1
							      >	1 1 1 1 1
							      >	1 1 1 1 1
							      >
							      >	1 1 1 1 1
							      >	1 1 1 1 1
							      >	1 1 1 1 1
							      >	1 1 1 1 1
							      >	1 1 1 1 1
							      >
							      >	...to: 
							      >
							      >	2 2 2 2 2
							      >	2 2 2 2 2
							      >	2 2 2 2 2
							      >	2 2 2 2 2
							      >	2 2 2 2 2
							      >
							      >	2 2 2 2 2
							      >	2 2 2 2 2
							      >	2 2 2 2 2
							      >	2 2 2 2 2
							      >	2 2 2 2 2
							      >
							      >	2 2 2 2 2
							      >	2 2 2 2 2
							      >	2 2 2 2 2
							      >	2 2 2 2 2
							      >	2 2 2 2 2
							      >
							      >	2 2 2 2 2
							      >	2 2 2 2 2
							      >	2 2 2 2 2
							      >	2 2 2 2 2
							      >	2 2 2 2 2
							      >
							      >	2 2 2 2 2
							      >	2 2 2 2 2
							      >	2 2 2 2 2
							      >	2 2 2 2 2
							      >	2 2 2 2 1
							      >
out_file4.txt
solveMaze Maze has no valid solution			      |	solveMaze
							      >	INVALID solution. Maze has been altered from: 
							      >	1 1 0 1 0
							      >	0 0 0 1 0
							      >	1 1 1 1 0
							      >	1 0 0 0 0
							      >	1 0 0 0 0
							      >
							      >	0 1 0 1 0
							      >	0 0 0 0 0
							      >	0 0 0 0 0
							      >	0 0 0 0 0
							      >	1 0 0 0 0
							      >
							      >	0 1 0 1 0
							      >	0 1 0 0 0
							      >	0 1 1 1 0
							      >	0 0 0 0 0
							      >	1 0 0 0 0
							      >
							      >	0 0 0 1 0
							      >	0 0 0 0 0
							      >	0 0 0 1 0
							      >	0 0 0 0 0
							      >	1 0 0 0 0
							      >
							      >	0 0 0 1 0
							      >	0 0 0 1 0
							      >	0 0 0 1 0
							      >	0 0 0 0 0
							      >	1 1 1 0 1
							      >
							      >	...to: 
							      >
							      >	2 2 0 2 0
							      >	0 0 0 2 0
							      >	2 2 2 2 0
							      >	2 0 0 0 0
							      >	2 0 0 0 0
							      >
							      >	0 2 0 2 0
							      >	0 0 0 0 0
							      >	0 0 0 0 0
							      >	0 0 0 0 0
							      >	2 0 0 0 0
							      >
							      >	0 2 0 2 0
							      >	0 2 0 0 0
							      >	0 2 2 2 0
							      >	0 0 0 0 0
							      >	2 0 0 0 0
							      >
							      >	0 0 0 2 0
							      >	0 0 0 0 0
							      >	0 0 0 2 0
							      >	0 0 0 0 0
							      >	2 0 0 0 0
							      >
							      >	0 0 0 2 0
							      >	0 0 0 2 0
							      >	0 0 0 2 0
							      >	0 0 0 0 0
							      >	2 2 2 0 1
							      >
solveMaze Maze has no valid solution			      |	solveMaze
							      >	INVALID solution. Maze has been altered from: 
							      >	1 0 1 1 1
							      >	1 1 1 1 0
							      >	0 1 0 0 1
							      >	0 1 1 0 0
							      >	0 0 0 0 1
							      >
							      >	1 0 1 0 0
							      >	1 0 1 0 0
							      >	1 0 0 0 1
							      >	1 0 0 1 1
							      >	0 0 1 1 1
							      >
							      >	1 1 0 0 0
							      >	0 1 0 0 1
							      >	1 0 0 0 0
							      >	0 0 0 1 1
							      >	0 1 1 0 0
							      >
							      >	0 1 1 1 0
							      >	1 1 0 1 1
							      >	0 1 0 1 1
							      >	0 0 1 0 0
							      >	0 1 0 1 1
							      >
							      >	0 0 1 1 0
							      >	0 0 0 0 0
							      >	0 1 1 0 1
							      >	0 1 1 1 0
							      >	0 1 1 0 1
							      >
							      >	...to: 
							      >
							      >	2 0 2 2 2
							      >	2 2 2 2 0
							      >	0 2 0 0 2
							      >	0 2 2 0 0
							      >	0 0 0 0 2
							      >
							      >	2 0 2 0 0
							      >	2 0 2 0 0
							      >	2 0 0 0 2
							      >	2 0 0 2 2
							      >	0 0 2 2 2
							      >
							      >	2 2 0 0 0
							      >	0 2 0 0 2
							      >	2 0 0 0 0
							      >	0 0 0 2 2
							      >	0 2 2 0 0
							      >
							      >	0 2 2 2 0
							      >	2 2 0 2 2
							      >	0 2 0 2 2
							      >	0 0 2 0 0
							      >	0 2 0 1 1
							      >
							      >	0 0 2 2 0
							      >	0 0 0 0 0
							      >	0 2 2 0 2
							      >	0 2 2 2 0
							      >	0 2 2 0 1
							      >
solveMaze Maze has no valid solution			      |	solveMaze
							      >	INVALID solution. Maze has been altered from: 
							      >	1 1 1 1 1
							      >	1 1 1 1 1
							      >	1 1 1 1 1
							      >	1 1 1 1 1
							      >	1 1 1 1 1
							      >
							      >	1 1 1 1 1
							      >	1 1 1 1 1
							      >	1 1 1 1 1
							      >	1 1 1 1 1
							      >	1 1 1 1 1
							      >
							      >	1 1 1 1 1
							      >	1 1 1 1 1
							      >	1 1 1 1 1
							      >	1 1 1 1 1
							      >	1 1 1 1 1
							      >
							      >	1 1 1 1 1
							      >	1 1 1 1 1
							      >	1 1 1 1 1
							      >	1 1 1 1 1
							      >	1 1 1 1 0
							      >
							      >	1 1 1 1 1
							      >	1 1 1 1 1
							      >	1 1 1 1 1
							      >	1 1 1 1 0
							      >	1 1 1 0 1
							      >
							      >	...to: 
							      >
							      >	2 2 2 2 2
							      >	2 2 2 2 2
							      >	2 2 2 2 2
							      >	2 2 2 2 2
							      >	2 2 2 2 2
							      >
							      >	2 2 2 2 2
							      >	2 2 2 2 2
							      >	2 2 2 2 2
							      >	2 2 2 2 2
							      >	2 2 2 2 2
							      >
							      >	2 2 2 2 2
							      >	2 2 2 2 2
							      >	2 2 2 2 2
							      >	2 2 2 2 2
							      >	2 2 2 2 2
							      >
							      >	2 2 2 2 2
							      >	2 2 2 2 2
							      >	2 2 2 2 2
							      >	2 2 2 2 2
							      >	2 2 2 2 0
							      >
							      >	2 2 2 2 2
							      >	2 2 2 2 2
							      >	2 2 2 2 2
							      >	2 2 2 2 0
							      >	2 2 2 0 1
							      >
