importMaze Mazes/Unsolvable1.txt True
solveMaze
INVALID solution. Maze has been altered from: 
1 1 0 1 0
0 0 0 1 0
1 1 1 1 0
1 0 0 0 0
1 0 0 0 0

0 1 0 1 0
0 0 0 0 0
0 0 0 0 0
0 0 0 0 0
1 0 0 0 0

0 1 0 1 0
0 1 0 0 0
0 1 1 1 0
0 0 0 0 0
1 0 0 0 0

0 0 0 1 0
0 0 0 0 0
0 0 0 1 0
0 0 0 0 0
1 0 0 0 0

0 0 0 1 0
0 0 0 1 0
0 0 0 1 0
0 0 0 0 0
1 1 1 0 1

...to: 

2 2 0 2 0
0 0 0 2 0
2 2 2 2 0
2 0 0 0 0
2 0 0 0 0

0 2 0 2 0
0 0 0 0 0
0 0 0 0 0
0 0 0 0 0
2 0 0 0 0

0 2 0 2 0
0 2 0 0 0
0 2 2 2 0
0 0 0 0 0
2 0 0 0 0

0 0 0 2 0
0 0 0 0 0
0 0 0 2 0
0 0 0 0 0
2 0 0 0 0

0 0 0 2 0
0 0 0 2 0
0 0 0 2 0
0 0 0 0 0
2 2 2 0 1

importMaze Mazes/Unsolvable2.txt True
solveMaze
INVALID solution. Maze has been altered from: 
1 0 1 1 1
1 1 1 1 0
0 1 0 0 1
0 1 1 0 0
0 0 0 0 1

1 0 1 0 0
1 0 1 0 0
1 0 0 0 1
1 0 0 1 1
0 0 1 1 1

1 1 0 0 0
0 1 0 0 1
1 0 0 0 0
0 0 0 1 1
0 1 1 0 0

0 1 1 1 0
1 1 0 1 1
0 1 0 1 1
0 0 1 0 0
0 1 0 1 1

0 0 1 1 0
0 0 0 0 0
0 1 1 0 1
0 1 1 1 0
0 1 1 0 1

...to: 

2 0 2 2 2
2 2 2 2 0
0 2 0 0 2
0 2 2 0 0
0 0 0 0 2

2 0 2 0 0
2 0 2 0 0
2 0 0 0 2
2 0 0 2 2
0 0 2 2 2

2 2 0 0 0
0 2 0 0 2
2 0 0 0 0
0 0 0 2 2
0 2 2 0 0

0 2 2 2 0
2 2 0 2 2
0 2 0 2 2
0 0 2 0 0
0 2 0 1 1

0 0 2 2 0
0 0 0 0 0
0 2 2 0 2
0 2 2 2 0
0 2 2 0 1

importMaze Mazes/Unsolvable3.txt True
solveMaze
INVALID solution. Maze has been altered from: 
1 1 1 1 1
1 1 1 1 1
1 1 1 1 1
1 1 1 1 1
1 1 1 1 1

1 1 1 1 1
1 1 1 1 1
1 1 1 1 1
1 1 1 1 1
1 1 1 1 1

1 1 1 1 1
1 1 1 1 1
1 1 1 1 1
1 1 1 1 1
1 1 1 1 1

1 1 1 1 1
1 1 1 1 1
1 1 1 1 1
1 1 1 1 1
1 1 1 1 0

1 1 1 1 1
1 1 1 1 1
1 1 1 1 1
1 1 1 1 0
1 1 1 0 1

...to: 

2 2 2 2 2
2 2 2 2 2
2 2 2 2 2
2 2 2 2 2
2 2 2 2 2

2 2 2 2 2
2 2 2 2 2
2 2 2 2 2
2 2 2 2 2
2 2 2 2 2

2 2 2 2 2
2 2 2 2 2
2 2 2 2 2
2 2 2 2 2
2 2 2 2 2

2 2 2 2 2
2 2 2 2 2
2 2 2 2 2
2 2 2 2 2
2 2 2 2 0

2 2 2 2 2
2 2 2 2 2
2 2 2 2 2
2 2 2 2 0
2 2 2 0 1

