importMaze Mazes/Solvable1.txt True
toString
1 1 0 1 0 
0 0 0 1 0 
1 1 1 1 0 
1 0 0 0 0 
1 0 0 0 0 

0 1 0 1 0 
0 0 0 0 0 
0 0 0 0 0 
0 0 0 0 0 
1 0 0 0 0 

0 1 0 1 0 
0 1 0 0 0 
0 1 1 1 0 
0 0 0 0 0 
1 0 0 0 0 

0 0 0 1 0 
0 0 0 0 0 
0 0 0 1 0 
0 0 0 0 0 
1 0 0 0 0 

0 0 0 1 0 
0 0 0 1 0 
0 0 0 1 0 
0 0 0 0 0 
1 1 1 1 1 
solveMaze
INVALID solution. Maze has been altered from: 
1 1 0 1 0 
0 0 0 1 0 
1 1 1 1 0 
1 0 0 0 0 
1 0 0 0 0 

0 1 0 1 0 
0 0 0 0 0 
0 0 0 0 0 
0 0 0 0 0 
1 0 0 0 0 

0 1 0 1 0 
0 1 0 0 0 
0 1 1 1 0 
0 0 0 0 0 
1 0 0 0 0 

0 0 0 1 0 
0 0 0 0 0 
0 0 0 1 0 
0 0 0 0 0 
1 0 0 0 0 

0 0 0 1 0 
0 0 0 1 0 
0 0 0 1 0 
0 0 0 0 0 
1 1 1 1 1 
...to: 

2 2 0 2 0 
0 0 0 2 0 
2 2 2 2 0 
2 0 0 0 0 
2 0 0 0 0 

0 2 0 2 0 
0 0 0 0 0 
0 0 0 0 0 
0 0 0 0 0 
2 0 0 0 0 

0 2 0 2 0 
0 2 0 0 0 
0 2 2 2 0 
0 0 0 0 0 
2 0 0 0 0 

0 0 0 2 0 
0 0 0 0 0 
0 0 0 2 0 
0 0 0 0 0 
2 0 0 0 0 

0 0 0 2 0 
0 0 0 2 0 
0 0 0 2 0 
0 0 0 0 0 
2 2 2 2 1 
importMaze Mazes/Solvable2.txt True
toString
1 0 1 1 1 
1 1 1 1 0 
0 1 0 0 1 
0 1 1 0 0 
0 0 0 0 1 

1 0 1 0 0 
1 0 1 0 0 
1 0 0 0 1 
1 0 0 1 1 
0 0 1 1 1 

1 1 0 0 0 
0 1 0 0 1 
1 0 0 0 0 
0 0 0 1 1 
0 1 1 0 0 

0 1 1 1 0 
1 1 0 1 1 
0 1 0 1 1 
0 0 1 0 0 
0 1 0 1 1 

0 0 1 1 0 
0 0 0 0 0 
0 1 1 0 1 
0 1 1 1 0 
0 1 1 1 1 
solveMaze
INVALID solution. Maze has been altered from: 
1 0 1 1 1 
1 1 1 1 0 
0 1 0 0 1 
0 1 1 0 0 
0 0 0 0 1 

1 0 1 0 0 
1 0 1 0 0 
1 0 0 0 1 
1 0 0 1 1 
0 0 1 1 1 

1 1 0 0 0 
0 1 0 0 1 
1 0 0 0 0 
0 0 0 1 1 
0 1 1 0 0 

0 1 1 1 0 
1 1 0 1 1 
0 1 0 1 1 
0 0 1 0 0 
0 1 0 1 1 

0 0 1 1 0 
0 0 0 0 0 
0 1 1 0 1 
0 1 1 1 0 
0 1 1 1 1 
...to: 

2 0 2 2 2 
2 2 2 2 0 
0 2 0 0 2 
0 2 2 0 0 
0 0 0 0 2 

2 0 2 0 0 
2 0 2 0 0 
2 0 0 0 2 
2 0 0 2 2 
0 0 2 2 2 

2 2 0 0 0 
0 2 0 0 2 
2 0 0 0 0 
0 0 0 2 2 
0 2 2 0 0 

0 2 2 2 0 
2 2 0 2 2 
0 2 0 2 2 
0 0 2 0 0 
0 2 0 2 2 

0 0 2 2 0 
0 0 0 0 0 
0 2 2 0 2 
0 2 2 2 0 
0 2 2 2 1 
importMaze Mazes/Solvable3.txt True
toString
1 1 1 1 1 
1 1 1 1 1 
1 1 1 1 1 
1 1 1 1 1 
1 1 1 1 1 

1 1 1 1 1 
1 1 1 1 1 
1 1 1 1 1 
1 1 1 1 1 
1 1 1 1 1 

1 1 1 1 1 
1 1 1 1 1 
1 1 1 1 1 
1 1 1 1 1 
1 1 1 1 1 

1 1 1 1 1 
1 1 1 1 1 
1 1 1 1 1 
1 1 1 1 1 
1 1 1 1 1 

1 1 1 1 1 
1 1 1 1 1 
1 1 1 1 1 
1 1 1 1 1 
1 1 1 1 1 
solveMaze
INVALID solution. Maze has been altered from: 
1 1 1 1 1 
1 1 1 1 1 
1 1 1 1 1 
1 1 1 1 1 
1 1 1 1 1 

1 1 1 1 1 
1 1 1 1 1 
1 1 1 1 1 
1 1 1 1 1 
1 1 1 1 1 

1 1 1 1 1 
1 1 1 1 1 
1 1 1 1 1 
1 1 1 1 1 
1 1 1 1 1 

1 1 1 1 1 
1 1 1 1 1 
1 1 1 1 1 
1 1 1 1 1 
1 1 1 1 1 

1 1 1 1 1 
1 1 1 1 1 
1 1 1 1 1 
1 1 1 1 1 
1 1 1 1 1 
...to: 

2 2 2 2 2 
2 2 2 2 2 
2 2 2 2 2 
2 2 2 2 2 
2 2 2 2 2 

2 2 2 2 2 
2 2 2 2 2 
2 2 2 2 2 
2 2 2 2 2 
2 2 2 2 2 

2 2 2 2 2 
2 2 2 2 2 
2 2 2 2 2 
2 2 2 2 2 
2 2 2 2 2 

2 2 2 2 2 
2 2 2 2 2 
2 2 2 2 2 
2 2 2 2 2 
2 2 2 2 2 

2 2 2 2 2 
2 2 2 2 2 
2 2 2 2 2 
2 2 2 2 2 
2 2 2 2 1 
