importMaze Mazes/Solvable1.txt True
toString 
1 1 0 1 0
0 0 0 1 0
1 1 1 1 0
1 0 0 0 0
1 0 0 0 0

0 1 0 1 0
0 0 0 0 0
0 0 0 0 0
0 0 0 0 0
1 0 0 0 0

0 1 0 1 0
0 1 0 0 0
0 1 1 1 0
0 0 0 0 0
1 0 0 0 0

0 0 0 1 0
0 0 0 0 0
0 0 0 1 0
0 0 0 0 0
1 0 0 0 0

0 0 0 1 0
0 0 0 1 0
0 0 0 1 0
0 0 0 0 0
1 1 1 1 1

importMaze Mazes/Solvable2.txt True
toString
1 0 1 1 1
1 1 1 1 0
0 1 0 0 1
0 1 1 0 0
0 0 0 0 1

1 0 1 0 0
1 0 1 0 0
1 0 0 0 1
1 0 0 1 1
0 0 1 1 1

1 1 0 0 0
0 1 0 0 1
1 0 0 0 0
0 0 0 1 1
0 1 1 0 0

0 1 1 1 0
1 1 0 1 1
0 1 0 1 1
0 0 1 0 0
0 1 0 1 1

0 0 1 1 0
0 0 0 0 0
0 1 1 0 1
0 1 1 1 0
0 1 1 1 1

importMaze Mazes/Solvable3.txt True
toString
1 1 1 1 1
1 1 1 1 1
1 1 1 1 1
1 1 1 1 1
1 1 1 1 1

1 1 1 1 1
1 1 1 1 1
1 1 1 1 1
1 1 1 1 1
1 1 1 1 1

1 1 1 1 1
1 1 1 1 1
1 1 1 1 1
1 1 1 1 1
1 1 1 1 1

1 1 1 1 1
1 1 1 1 1
1 1 1 1 1
1 1 1 1 1
1 1 1 1 1

1 1 1 1 1
1 1 1 1 1
1 1 1 1 1
1 1 1 1 1
1 1 1 1 1

importMaze Mazes/Unsolvable1.txt True
toString
1 1 0 1 0
0 0 0 1 0
1 1 1 1 0
1 0 0 0 0
1 0 0 0 0

0 1 0 1 0
0 0 0 0 0
0 0 0 0 0
0 0 0 0 0
1 0 0 0 0

0 1 0 1 0
0 1 0 0 0
0 1 1 1 0
0 0 0 0 0
1 0 0 0 0

0 0 0 1 0
0 0 0 0 0
0 0 0 1 0
0 0 0 0 0
1 0 0 0 0

0 0 0 1 0
0 0 0 1 0
0 0 0 1 0
0 0 0 0 0
1 1 1 0 1

importMaze Mazes/Unsolvable2.txt True
toString
1 0 1 1 1
1 1 1 1 0
0 1 0 0 1
0 1 1 0 0
0 0 0 0 1

1 0 1 0 0
1 0 1 0 0
1 0 0 0 1
1 0 0 1 1
0 0 1 1 1

1 1 0 0 0
0 1 0 0 1
1 0 0 0 0
0 0 0 1 1
0 1 1 0 0

0 1 1 1 0
1 1 0 1 1
0 1 0 1 1
0 0 1 0 0
0 1 0 1 1

0 0 1 1 0
0 0 0 0 0
0 1 1 0 1
0 1 1 1 0
0 1 1 0 1

importMaze Mazes/Unsolvable3.txt True
toString
1 1 1 1 1
1 1 1 1 1
1 1 1 1 1
1 1 1 1 1
1 1 1 1 1

1 1 1 1 1
1 1 1 1 1
1 1 1 1 1
1 1 1 1 1
1 1 1 1 1

1 1 1 1 1
1 1 1 1 1
1 1 1 1 1
1 1 1 1 1
1 1 1 1 1

1 1 1 1 1
1 1 1 1 1
1 1 1 1 1
1 1 1 1 1
1 1 1 1 0

1 1 1 1 1
1 1 1 1 1
1 1 1 1 1
1 1 1 1 0
1 1 1 0 1

toString
1 1 1 1 1
1 1 1 1 1
1 1 1 1 1
1 1 1 1 1
1 1 1 1 1

1 1 1 1 1
1 1 1 1 1
1 1 1 1 1
1 1 1 1 1
1 1 1 1 1

1 1 1 1 1
1 1 1 1 1
1 1 1 1 1
1 1 1 1 1
1 1 1 1 1

1 1 1 1 1
1 1 1 1 1
1 1 1 1 1
1 1 1 1 1
1 1 1 1 1

1 1 1 1 1
1 1 1 1 1
1 1 1 1 1
1 1 1 1 1
1 1 1 1 1

importMaze Mazes/Invalid1.txt False
toString
1 1 1 1 1
1 1 1 1 1
1 1 1 1 1
1 1 1 1 1
1 1 1 1 1

1 1 1 1 1
1 1 1 1 1
1 1 1 1 1
1 1 1 1 1
1 1 1 1 1

1 1 1 1 1
1 1 1 1 1
1 1 1 1 1
1 1 1 1 1
1 1 1 1 1

1 1 1 1 1
1 1 1 1 1
1 1 1 1 1
1 1 1 1 1
1 1 1 1 1

1 1 1 1 1
1 1 1 1 1
1 1 1 1 1
1 1 1 1 1
1 1 1 1 1

importMaze Mazes/Solvable1.txt True
toString
1 1 0 1 0
0 0 0 1 0
1 1 1 1 0
1 0 0 0 0
1 0 0 0 0

0 1 0 1 0
0 0 0 0 0
0 0 0 0 0
0 0 0 0 0
1 0 0 0 0

0 1 0 1 0
0 1 0 0 0
0 1 1 1 0
0 0 0 0 0
1 0 0 0 0

0 0 0 1 0
0 0 0 0 0
0 0 0 1 0
0 0 0 0 0
1 0 0 0 0

0 0 0 1 0
0 0 0 1 0
0 0 0 1 0
0 0 0 0 0
1 1 1 1 1

importMaze Mazes/Invalid2.txt True
toString
1 1 1 1 1
1 1 1 1 1
1 1 1 1 1
1 1 1 1 1
1 1 1 1 1

1 1 1 1 1
1 1 1 1 1
1 1 1 1 1
1 1 1 1 1
1 1 1 1 1

1 1 1 1 1
1 1 1 1 1
1 1 1 1 1
1 1 1 1 1
1 1 1 1 1

1 1 1 1 1
1 1 1 1 1
1 1 1 1 1
1 1 1 1 1
1 1 1 1 1

1 1 1 1 1
1 1 1 1 1
1 1 1 1 1
1 1 1 1 1
1 1 1 1 1

importMaze Mazes/Invalid3.txt False
importMaze Mazes/Invalid4.txt False
importMaze Mazes/Invalid5.txt False
importMaze Mazes/Nonexistant.txt False
importMaze Mazes/Solvable1.txt True
toString
1 1 0 1 0
0 0 0 1 0
1 1 1 1 0
1 0 0 0 0
1 0 0 0 0

0 1 0 1 0
0 0 0 0 0
0 0 0 0 0
0 0 0 0 0
1 0 0 0 0

0 1 0 1 0
0 1 0 0 0
0 1 1 1 0
0 0 0 0 0
1 0 0 0 0

0 0 0 1 0
0 0 0 0 0
0 0 0 1 0
0 0 0 0 0
1 0 0 0 0

0 0 0 1 0
0 0 0 1 0
0 0 0 1 0
0 0 0 0 0
1 1 1 1 1

solveMaze
INVALID solution. Maze has been altered from: 
1 1 0 1 0
0 0 0 1 0
1 1 1 1 0
1 0 0 0 0
1 0 0 0 0

0 1 0 1 0
0 0 0 0 0
0 0 0 0 0
0 0 0 0 0
1 0 0 0 0

0 1 0 1 0
0 1 0 0 0
0 1 1 1 0
0 0 0 0 0
1 0 0 0 0

0 0 0 1 0
0 0 0 0 0
0 0 0 1 0
0 0 0 0 0
1 0 0 0 0

0 0 0 1 0
0 0 0 1 0
0 0 0 1 0
0 0 0 0 0
1 1 1 1 1

...to: 

2 2 0 2 0
0 0 0 2 0
2 2 2 2 0
2 0 0 0 0
2 0 0 0 0

0 2 0 2 0
0 0 0 0 0
0 0 0 0 0
0 0 0 0 0
2 0 0 0 0

0 2 0 2 0
0 2 0 0 0
0 2 2 2 0
0 0 0 0 0
2 0 0 0 0

0 0 0 2 0
0 0 0 0 0
0 0 0 2 0
0 0 0 0 0
2 0 0 0 0

0 0 0 2 0
0 0 0 2 0
0 0 0 2 0
0 0 0 0 0
2 2 2 2 1

importMaze Mazes/Solvable2.txt True
toString
1 0 1 1 1
1 1 1 1 0
0 1 0 0 1
0 1 1 0 0
0 0 0 0 1

1 0 1 0 0
1 0 1 0 0
1 0 0 0 1
1 0 0 1 1
0 0 1 1 1

1 1 0 0 0
0 1 0 0 1
1 0 0 0 0
0 0 0 1 1
0 1 1 0 0

0 1 1 1 0
1 1 0 1 1
0 1 0 1 1
0 0 1 0 0
0 1 0 1 1

0 0 1 1 0
0 0 0 0 0
0 1 1 0 1
0 1 1 1 0
0 1 1 1 1

solveMaze
INVALID solution. Maze has been altered from: 
1 0 1 1 1
1 1 1 1 0
0 1 0 0 1
0 1 1 0 0
0 0 0 0 1

1 0 1 0 0
1 0 1 0 0
1 0 0 0 1
1 0 0 1 1
0 0 1 1 1

1 1 0 0 0
0 1 0 0 1
1 0 0 0 0
0 0 0 1 1
0 1 1 0 0

0 1 1 1 0
1 1 0 1 1
0 1 0 1 1
0 0 1 0 0
0 1 0 1 1

0 0 1 1 0
0 0 0 0 0
0 1 1 0 1
0 1 1 1 0
0 1 1 1 1

...to: 

2 0 2 2 2
2 2 2 2 0
0 2 0 0 2
0 2 2 0 0
0 0 0 0 2

2 0 2 0 0
2 0 2 0 0
2 0 0 0 2
2 0 0 2 2
0 0 2 2 2

2 2 0 0 0
0 2 0 0 2
2 0 0 0 0
0 0 0 2 2
0 2 2 0 0

0 2 2 2 0
2 2 0 2 2
0 2 0 2 2
0 0 2 0 0
0 2 0 2 2

0 0 2 2 0
0 0 0 0 0
0 2 2 0 2
0 2 2 2 0
0 2 2 2 1

importMaze Mazes/Solvable3.txt True
toString
1 1 1 1 1
1 1 1 1 1
1 1 1 1 1
1 1 1 1 1
1 1 1 1 1

1 1 1 1 1
1 1 1 1 1
1 1 1 1 1
1 1 1 1 1
1 1 1 1 1

1 1 1 1 1
1 1 1 1 1
1 1 1 1 1
1 1 1 1 1
1 1 1 1 1

1 1 1 1 1
1 1 1 1 1
1 1 1 1 1
1 1 1 1 1
1 1 1 1 1

1 1 1 1 1
1 1 1 1 1
1 1 1 1 1
1 1 1 1 1
1 1 1 1 1

solveMaze
INVALID solution. Maze has been altered from: 
1 1 1 1 1
1 1 1 1 1
1 1 1 1 1
1 1 1 1 1
1 1 1 1 1

1 1 1 1 1
1 1 1 1 1
1 1 1 1 1
1 1 1 1 1
1 1 1 1 1

1 1 1 1 1
1 1 1 1 1
1 1 1 1 1
1 1 1 1 1
1 1 1 1 1

1 1 1 1 1
1 1 1 1 1
1 1 1 1 1
1 1 1 1 1
1 1 1 1 1

1 1 1 1 1
1 1 1 1 1
1 1 1 1 1
1 1 1 1 1
1 1 1 1 1

...to: 

2 2 2 2 2
2 2 2 2 2
2 2 2 2 2
2 2 2 2 2
2 2 2 2 2

2 2 2 2 2
2 2 2 2 2
2 2 2 2 2
2 2 2 2 2
2 2 2 2 2

2 2 2 2 2
2 2 2 2 2
2 2 2 2 2
2 2 2 2 2
2 2 2 2 2

2 2 2 2 2
2 2 2 2 2
2 2 2 2 2
2 2 2 2 2
2 2 2 2 2

2 2 2 2 2
2 2 2 2 2
2 2 2 2 2
2 2 2 2 2
2 2 2 2 1

importMaze Mazes/Unsolvable1.txt True
solveMaze
INVALID solution. Maze has been altered from: 
1 1 0 1 0
0 0 0 1 0
1 1 1 1 0
1 0 0 0 0
1 0 0 0 0

0 1 0 1 0
0 0 0 0 0
0 0 0 0 0
0 0 0 0 0
1 0 0 0 0

0 1 0 1 0
0 1 0 0 0
0 1 1 1 0
0 0 0 0 0
1 0 0 0 0

0 0 0 1 0
0 0 0 0 0
0 0 0 1 0
0 0 0 0 0
1 0 0 0 0

0 0 0 1 0
0 0 0 1 0
0 0 0 1 0
0 0 0 0 0
1 1 1 0 1

...to: 

2 2 0 2 0
0 0 0 2 0
2 2 2 2 0
2 0 0 0 0
2 0 0 0 0

0 2 0 2 0
0 0 0 0 0
0 0 0 0 0
0 0 0 0 0
2 0 0 0 0

0 2 0 2 0
0 2 0 0 0
0 2 2 2 0
0 0 0 0 0
2 0 0 0 0

0 0 0 2 0
0 0 0 0 0
0 0 0 2 0
0 0 0 0 0
2 0 0 0 0

0 0 0 2 0
0 0 0 2 0
0 0 0 2 0
0 0 0 0 0
2 2 2 0 1

importMaze Mazes/Unsolvable2.txt True
solveMaze
INVALID solution. Maze has been altered from: 
1 0 1 1 1
1 1 1 1 0
0 1 0 0 1
0 1 1 0 0
0 0 0 0 1

1 0 1 0 0
1 0 1 0 0
1 0 0 0 1
1 0 0 1 1
0 0 1 1 1

1 1 0 0 0
0 1 0 0 1
1 0 0 0 0
0 0 0 1 1
0 1 1 0 0

0 1 1 1 0
1 1 0 1 1
0 1 0 1 1
0 0 1 0 0
0 1 0 1 1

0 0 1 1 0
0 0 0 0 0
0 1 1 0 1
0 1 1 1 0
0 1 1 0 1

...to: 

2 0 2 2 2
2 2 2 2 0
0 2 0 0 2
0 2 2 0 0
0 0 0 0 2

2 0 2 0 0
2 0 2 0 0
2 0 0 0 2
2 0 0 2 2
0 0 2 2 2

2 2 0 0 0
0 2 0 0 2
2 0 0 0 0
0 0 0 2 2
0 2 2 0 0

0 2 2 2 0
2 2 0 2 2
0 2 0 2 2
0 0 2 0 0
0 2 0 1 1

0 0 2 2 0
0 0 0 0 0
0 2 2 0 2
0 2 2 2 0
0 2 2 0 1

importMaze Mazes/Unsolvable3.txt True
solveMaze
INVALID solution. Maze has been altered from: 
1 1 1 1 1
1 1 1 1 1
1 1 1 1 1
1 1 1 1 1
1 1 1 1 1

1 1 1 1 1
1 1 1 1 1
1 1 1 1 1
1 1 1 1 1
1 1 1 1 1

1 1 1 1 1
1 1 1 1 1
1 1 1 1 1
1 1 1 1 1
1 1 1 1 1

1 1 1 1 1
1 1 1 1 1
1 1 1 1 1
1 1 1 1 1
1 1 1 1 0

1 1 1 1 1
1 1 1 1 1
1 1 1 1 1
1 1 1 1 0
1 1 1 0 1

...to: 

2 2 2 2 2
2 2 2 2 2
2 2 2 2 2
2 2 2 2 2
2 2 2 2 2

2 2 2 2 2
2 2 2 2 2
2 2 2 2 2
2 2 2 2 2
2 2 2 2 2

2 2 2 2 2
2 2 2 2 2
2 2 2 2 2
2 2 2 2 2
2 2 2 2 2

2 2 2 2 2
2 2 2 2 2
2 2 2 2 2
2 2 2 2 2
2 2 2 2 0

2 2 2 2 2
2 2 2 2 2
2 2 2 2 2
2 2 2 2 0
2 2 2 0 1

